%pattern1
-5.66270 -4.36555  -5.97093 -4.74350  -6.18946 -5.36206  -6.41700 -5.92970  -5.92203 -5.95598  -5.42707 -5.98226  -5.70633 -5.39071    0  -5.70633 -5.39071
-5.31495 -4.41918  -5.48861 -4.84795  -5.70633 -5.39071  -5.92203 -5.95598  -5.42707 -5.98226  -4.93211 -6.00854  -4.43714 -6.03482    0  -5.23458 -5.41629
-4.92593 -4.45975  -5.05351 -4.89186  -5.23458 -5.41629  -5.42707 -5.98226  -4.93211 -6.00854  -4.43714 -6.03482  -3.94218 -6.06110    0  -4.76907 -5.43990
-4.54657 -4.48789  -4.62965 -4.91845  -4.76907 -5.43990  -4.93211 -6.00854  -4.43714 -6.03482  -3.94218 -6.06110  -3.44722 -6.08739    0  -4.30564 -5.46349
-4.16941 -4.51079  -4.20937 -4.94153  -4.30564 -5.46349  -4.43714 -6.03482  -3.94218 -6.06110  -3.44722 -6.08739  -2.95226 -6.11367    0  -3.84060 -5.48759
-5.04364 -3.69544  -5.22648 -4.04053  -5.31495 -4.41918  -5.48861 -4.84795  -5.05351 -4.89186  -4.62965 -4.91845  -4.20937 -4.94153    0  -4.92593 -4.45975
-4.61910 -3.01602  -4.84520 -3.37036  -5.04364 -3.69544  -5.22648 -4.04053  -4.83568 -4.10455  -4.49865 -4.14477  -4.17589 -4.16247    0  -4.72328 -3.81015
-8.83612  0.32382  -8.98536 -0.12249  -9.13460 -0.56880  -9.28384 -1.01511  -8.93101 -1.30880  -8.57819 -1.60250  -8.22536 -1.89619    0  -8.73601 -0.87111
-8.39594  0.06959  -8.55935 -0.40316  -8.73601 -0.87111  -8.93101 -1.30880  -8.57819 -1.60250  -8.22536 -1.89619  -7.87254 -2.18988    0  -8.35255 -1.17291
-7.96292 -0.22215  -8.14501 -0.70208  -8.35255 -1.17291  -8.57819 -1.60250  -8.22536 -1.89619  -7.87254 -2.18988  -7.51971 -2.48357    0  -7.97812 -1.47396
-8.24550  0.53186  -8.39594  0.06959  -8.55935 -0.40316  -8.73601 -0.87111  -8.35255 -1.17291  -7.97812 -1.47396  -7.61088 -1.77455    0  -8.14501 -0.70208
-7.79126  0.26384  -7.96292 -0.22215  -8.14501 -0.70208  -8.35255 -1.17291  -7.97812 -1.47396  -7.61088 -1.77455  -7.25027 -2.07246    0  -7.74225 -1.01217
-7.32827 -0.03034  -7.52789 -0.53868  -7.74225 -1.01217  -7.97812 -1.47396  -7.61088 -1.77455  -7.25027 -2.07246  -6.89369 -2.38118    0  -7.34962 -1.32719
-1.62230  1.85936  -1.39470  1.44314  -1.13958  1.04655  -0.83211  0.68410  -0.40545  0.91244   0.01224  1.11633   0.40490  1.32162    0  -0.70039  1.24220
-2.41321 -2.58146  -1.79114 -2.93042  -1.60330 -3.59579  -1.54410 -4.11534  -1.06145 -4.12427  -0.58338 -4.14424  -0.11628 -4.15570    0  -1.10070 -3.61626
-2.59439  3.98347  -2.39287  3.54990  -2.19631  3.12214  -2.00570  2.69831  -1.58702  2.89645  -1.16166  3.08588  -0.73371  3.26970    0  -1.77438  3.32246
-1.96169  3.75233  -1.77438  3.32246  -1.58702  2.89645  -1.39995  2.47194  -0.97505  2.66073  -0.54828  2.84498  -0.12075  3.02625    0  -1.16166  3.08588
-0.67368  4.30647  -0.48943  3.87823  -0.30500  3.45144  -0.12075  3.02625   0.30621  3.20725   0.73262  3.38794   1.15872  3.56828    0   0.12330  3.63298
-0.24353  4.48875  -0.05997  4.06024   0.12330  3.63298   0.30621  3.20725   0.73262  3.38794   1.15872  3.56828   1.58515  3.74820    0   0.55126  3.81435
 0.61649  4.85315   0.79847  4.42399   0.97913  3.99557   1.15872  3.56828   1.58515  3.74820   2.01247  3.92699   2.44184  4.10308    0   1.40709  4.17652
%pattern1 sencond time
-2.55125  1.43739  -2.55125  1.43739  -2.40742  0.92049  -2.33101  0.43373  -1.85880  0.50899  -1.39271  0.58763  -2.01051  1.03154    0  -2.01051  1.03154
 0.68354  0.52648   0.32632  1.13035   0.31977  1.69479   0.13633  2.28318  -0.33180  2.28647  -0.79993  2.28975  -1.26807  2.29304    0  -0.23653  1.71485
 0.81800  0.07720   0.68354  0.52648   0.32632  1.13035   0.31977  1.69479  -0.23653  1.71485  -0.85852  1.83033  -1.30984  1.85556    0   0.01314  1.03154
 1.31406  0.17740   0.81800  0.07720   0.68354  0.52648   0.32632  1.13035   0.01314  1.03154  -0.42387  0.96565  -1.03888  0.82967    0   0.21593  0.41937
-2.80892  0.87761  -2.80892  0.87761  -3.15375  1.08410  -3.58081  1.17608  -3.79763  0.68988  -4.01445  0.20368  -4.01445  0.20368    0  -3.32457  0.59790
-2.63469  1.20894  -2.63469  1.20894  -2.99934  1.43561  -3.36399  1.66229  -3.58081  1.17608  -3.79763  0.68988  -3.15375  1.08410    0  -3.15375  1.08410
-2.48259  0.66571  -2.48259  0.66571  -2.80892  0.87761  -3.15375  1.08410  -3.32457  0.59790  -3.55557  0.00313  -3.55557  0.00313    0  -2.95664  0.53219
-0.84308 -0.88987  -0.84308 -0.88987  -0.42698 -1.13734   0.17083 -1.42576   0.59133 -1.17608   1.01183 -0.92641   1.01183 -0.92641    0   0.18397 -0.82129
-2.48259  0.66571  -2.48259  0.66571  -2.55556  0.27107  -2.72632 -0.37175  -2.30136 -0.55218  -1.80520 -0.92486  -2.14192  0.09855    0  -2.14192  0.09855
 1.50030 -0.31546   1.50030 -0.31546   2.06339 -0.43448   2.69382 -0.27814   2.79895  0.21244   2.90407  0.70302   2.90407  0.70302    0   2.12878  0.17740
-3.44107 -0.21567  -3.44107 -0.21567  -3.49039 -0.74806  -3.25066 -1.27792  -2.75296 -1.33377  -2.25526 -1.38962  -2.89093 -0.72930    0  -2.89093 -0.72930
 1.15916  0.92266   1.15916  0.92266   1.79109  0.81865   2.27332  0.74244   2.24773  1.44428   2.22733  1.94481   2.22733  1.94481    0   1.81340  1.39947
-1.34430 -0.88763  -1.34430 -0.88763  -1.02577 -0.96673  -0.42145 -0.81347  -0.59186 -0.05392  -0.58606  0.87192  -0.58606  0.87192    0  -1.09067 -0.13798
-1.83556 -0.81628  -1.83556 -0.81628  -1.34430 -0.88763  -1.02577 -0.96673  -1.09067 -0.13798  -1.13428  0.89764  -1.13428  0.89764    0  -1.37976 -0.19054
-1.91173 -0.32714  -1.91173 -0.32714  -1.37976 -0.19054  -1.09067 -0.13798  -1.13428  0.89764  -1.17166  1.87425  -1.17166  1.87425    0  -1.48489  0.86071
-2.95664 -1.36881  -2.95664 -1.36881  -2.70696 -1.85064  -2.45729 -2.33246  -2.30618 -1.89882  -2.15506 -1.46518  -2.15506 -1.46518    0  -2.48357 -1.64915
-0.26356 -1.12300  -0.26356 -1.12300  -0.00642 -1.52534   0.47710 -1.86069   0.92833 -1.67945   1.37719 -1.48677   1.37719 -1.48677    0   0.56505 -1.37319
 1.82976  1.76734   1.82976  1.76734   2.12514  2.40792   1.80902  3.04205   1.41261  2.72011   1.01621  2.39816   1.01621  2.39816    0   1.70828  2.38502
-3.95532  0.55848  -3.95532  0.55848  -3.70565  0.07665  -3.45598 -0.40517  -2.27774 -0.36729  -1.85283 -0.59790  -1.85283 -0.59790    0  -2.94350  0.26938
-0.23208 -0.38612  -0.23208 -0.38612   0.21636 -0.88073   0.56505 -1.37319   1.17402 -0.95389   2.33903 -0.93955   2.33903 -0.93955    0   0.85414 -0.55848
%pattern2 1st time
-6.41098 -4.89680  -6.65089 -5.37229  -7.06168 -5.27448  -7.40692 -5.87714  -6.91196 -5.90342  -6.41700 -5.92970  -5.92203 -5.95598    2  -6.65089 -5.37229
-5.97093 -4.74350  -6.41098 -4.89680  -6.63601 -4.57622  -7.06168 -5.27448  -6.65089 -5.37229  -6.18946 -5.36206  -5.70633 -5.39071    2  -6.41098 -4.89680
-5.97093 -4.74350  -6.18946 -5.36206  -6.65089 -5.37229  -6.91196 -5.90342  -6.41700 -5.92970  -5.92203 -5.95598  -5.42707 -5.98226    2  -6.18946 -5.36206
-5.66270 -4.36555  -5.97093 -4.74350  -6.41098 -4.89680  -6.65089 -5.37229  -6.18946 -5.36206  -5.70633 -5.39071  -5.23458 -5.41629    2  -5.97093 -4.74350
-5.48861 -4.84795  -5.70633 -5.39071  -6.18946 -5.36206  -6.41700 -5.92970  -5.92203 -5.95598  -5.42707 -5.98226  -4.93211 -6.00854    2  -5.70633 -5.39071
-5.31495 -4.41918  -5.48861 -4.84795  -5.97093 -4.74350  -6.18946 -5.36206  -5.70633 -5.39071  -5.23458 -5.41629  -4.76907 -5.43990    2  -5.48861 -4.84795
-5.05351 -4.89186  -5.23458 -5.41629  -5.70633 -5.39071  -5.92203 -5.95598  -5.42707 -5.98226  -4.93211 -6.00854  -4.43714 -6.03482    2  -5.23458 -5.41629
 0.00329  5.10020   0.18653  4.67098  -0.24353  4.48875  -0.05997  4.06024   0.36931  4.24217   0.79847  4.42399   0.18653  4.67098    2   0.18653  4.67098
 0.43364  5.28252   0.61649  4.85315   0.18653  4.67098   0.36931  4.24217   0.79847  4.42399   1.22756  4.60566   1.65673  4.78699    2   0.61649  4.85315
 0.86399  5.46485   1.04637  5.03525   0.61649  4.85315   0.79847  4.42399   1.22756  4.60566   1.65673  4.78699   2.08629  4.96751    2   1.04637  5.03525
 2.87587  4.27431   3.05187  3.82992   2.61361  3.66682   2.77594  3.21852   3.22014  3.36947   3.68004  3.54084   4.12451  3.73029    2   3.05187  3.82992
 3.31445  4.44276   3.49568  4.00201   3.05187  3.82992   3.22014  3.36947   3.68004  3.54084   4.12451  3.73029   4.30930  3.28926    2   3.49568  4.00201
-0.85742  4.73555  -0.67368  4.30647  -1.10390  4.12416  -0.91915  3.69610  -0.48943  3.87823  -0.05997  4.06024   0.36931  4.24217    2  -0.67368  4.30647
-1.71813  4.37089  -1.53345  3.94072  -1.96169  3.75233  -1.77438  3.32246  -1.34806  3.51217  -0.91915  3.69610  -0.48943  3.87823    2  -1.53345  3.94072
-3.93602 -0.58561  -4.34972 -1.13708  -4.76224 -0.76145  -5.04625 -1.27307  -4.66883 -1.61638  -4.32122 -1.95658  -4.02428 -2.28836    2  -4.34972 -1.13708
-4.47177 -0.24501  -4.76224 -0.76145  -5.17127 -0.36616  -5.42896 -0.90928  -5.04625 -1.27307  -4.66883 -1.61638  -4.32122 -1.95658    2  -4.76224 -0.76145
-4.91501  0.15650  -5.17127 -0.36616  -5.59718  0.02264  -5.82403 -0.53938  -5.42896 -0.90928  -5.04625 -1.27307  -4.66883 -1.61638    2  -5.17127 -0.36616
-5.35986  0.56220  -5.59718  0.02264  -6.04786  0.39122  -6.23492 -0.16769  -5.82403 -0.53938  -5.42896 -0.90928  -5.04625 -1.27307    2  -5.59718  0.02264
-6.17729  1.75532  -6.35653  1.25467  -6.84127  1.51723  -6.98773  1.01446  -6.50656  0.72226  -6.04786  0.39122  -5.59718  0.02264    2  -6.35653  1.25467
-5.84374  0.94348  -6.04786  0.39122  -6.50656  0.72226  -6.67279  0.19779  -6.23492 -0.16769  -5.82403 -0.53938  -5.42896 -0.90928    2  -6.04786  0.39122
%pattern 2 2nd time
-6.06509  0.33531  -5.93195 -0.15533  -5.79882 -0.64596  -5.66568 -1.13659  -5.34562 -0.92168  -5.21820 -1.28328  -4.90385 -0.93935    0  -5.40622 -0.50133
-5.53269  0.61765  -5.46074  0.00590  -5.40622 -0.50133  -5.34562 -0.92168  -5.08870 -0.76953  -4.90385 -0.93935  -4.58950 -0.59541    0  -5.01413 -0.45092
-5.26627  2.84517  -5.53254  2.46302  -5.79882  2.08087  -6.06509  1.69872  -5.82167  1.17498  -6.19822  0.82594  -6.06509  0.33531    0  -5.48549  1.55310
-5.79882  2.08087  -5.48549  1.55310  -5.17843  1.08390  -4.87515  0.74311  -4.57518  1.01613  -4.35730  0.69880  -4.17720  0.90638    0  -4.81544  1.41369
-3.41716  3.97929  -3.33071  3.51725  -3.22924  3.07939  -3.15275  2.66114  -2.73138  2.71075  -2.68314  2.24972  -2.22246  2.23625    0  -2.80303  3.16893
-2.97830  4.10256  -2.88978  3.63265  -2.80303  3.16893  -2.73138  2.71075  -2.28770  2.74179  -2.22246  2.23625  -1.73570  2.23866    0  -2.36541  3.23737
-3.22924  3.07939  -3.15275  2.66114  -3.11200  2.24618  -3.08133  1.83866  -2.66381  1.78200  -2.70758  1.32235  -2.16547  1.04634    0  -2.68314  2.24972
-1.91815  3.29389  -2.36541  3.23737  -2.80303  3.16893  -3.22924  3.07939  -3.15275  2.66114  -3.54610  2.58981  -3.53289  2.21380    0  -2.73138  2.71075
-1.82692  2.76627  -2.28770  2.74179  -2.73138  2.71075  -3.15275  2.66114  -3.11200  2.24618  -3.53289  2.21380  -3.43677  1.84511    0  -2.68314  2.24972
-1.10947  1.36391  -0.93340  0.94996  -0.77261  0.52715  -0.63263  0.14479  -0.11147  0.14515  -0.32566 -0.24248   0.14918 -0.63165    0  -0.29082  0.64934
-0.66568  1.54438  -0.47685  1.10303  -0.29082  0.64934  -0.11147  0.14515   0.43916  0.37060   0.72953 -0.07180   1.33667  0.12827    0   0.19975  0.82822
 0.43774  1.46098   0.66785  1.02121   0.93973  0.58387   1.33667  0.12827   1.51322  0.50152   1.88679  0.55962   1.96550  0.11564    0   1.31777  0.81578
 0.87904  1.64434   1.09710  1.21526   1.31777  0.81578   1.51322  0.50152   1.88679  0.55962   1.96550  0.11564   2.48500  0.20760    0   1.72565  0.96377
 1.33667  0.12827   1.53665 -0.48962   1.76630 -1.05522   1.84281 -1.49938   2.24893 -1.58988   2.28773 -2.09897   2.84888 -2.01528    0   2.17043 -1.23539
 3.23259 -0.49368   3.41000 -0.88965   3.59882 -1.31351   3.78440 -1.74978   4.21777 -1.58277   4.40582 -2.01430   4.85084 -1.84295    0   4.01922 -1.15206
 2.83787 -0.61133   2.97715 -1.00301   3.15377 -1.43868   3.33160 -1.89490   3.78440 -1.74978   3.96080 -2.18565   4.40582 -2.01430    0   3.59882 -1.31351
 4.18708 -0.51625   3.81064 -0.73088   3.41000 -0.88965   2.97715 -1.00301   3.15377 -1.43868   2.68919 -1.52820   2.84888 -2.01528    0   3.59882 -1.31351
 4.41950 -0.95552   4.01922 -1.15206   3.59882 -1.31351   3.15377 -1.43868   3.33160 -1.89490   2.84888 -2.01528   3.07076 -2.52835    0   3.78440 -1.74978
-1.22543 -2.01577  -0.81037 -2.40764  -0.40074 -2.79187   0.00308 -3.17412   0.47148 -2.97278   0.84566 -3.38511   1.29068 -3.21376    0   0.08757 -2.56064
-0.53181 -0.88858  -0.13937 -1.43625   0.20951 -1.90764   0.57057 -2.34138   1.03663 -2.12941   1.39047 -2.57659   1.83578 -2.35935    0   0.70462 -1.71815
%pattern3
 4.34779 -0.87166   4.20215 -1.33925   4.66873 -1.32874   4.53745 -1.75033   5.01840 -1.69382   5.49934 -1.63732   5.98029 -1.58081    0   5.05658 -1.28317
 4.79563 -0.92122   4.66873 -1.32874   5.05658 -1.28317   5.01840 -1.69382   5.49934 -1.63732   5.98029 -1.58081   6.46124 -1.52431    0   5.45100 -1.23684
 4.49343 -0.40407   4.34779 -0.87166   4.79563 -0.92122   4.66873 -1.32874   5.05658 -1.28317   5.45100 -1.23684   5.82197 -1.19322    0   5.17057 -0.87717
 4.92186 -0.51585   4.79563 -0.92122   5.17057 -0.87717   5.05658 -1.28317   5.45100 -1.23684   5.82197 -1.19322   6.25109 -1.14277    0   5.55002 -0.88406
 5.29285 -0.47227   5.17057 -0.87717   5.55002 -0.88406   5.45100 -1.23684   5.82197 -1.19322   6.25109 -1.14277   6.69874 -1.09015    0   5.92013 -0.84341
 5.65259 -0.47880   5.55002 -0.88406   5.92013 -0.84341   5.82197 -1.19322   6.25109 -1.14277   6.69874 -1.09015   7.23981 -1.02654    0   6.26400 -0.80298
 4.78471  0.53110   4.63907  0.06351   5.04848 -0.10920   4.92186 -0.51585   5.29285 -0.47227   5.65259 -0.47880   5.99416 -0.44128    0   5.39845 -0.13305
 7.97543  1.61810   7.43514  0.89139   7.72344  0.57900   7.60606 -0.04497   7.98012 -0.23227   8.31680 -0.31977   8.63480 -0.40242    0   8.16196  0.35947
 7.63688  1.91519   7.09531  1.18964   7.43514  0.89139   7.23747  0.35448   7.60606 -0.04497   7.98012 -0.23227   8.31680 -0.31977    0   7.72344  0.57900
 8.29802  3.67185   8.38803  3.23588   8.79885  3.41901   9.01550  3.13470   9.35824  3.26779   9.68047  3.39911   9.98636  3.53819    0   9.15227  3.54657
 8.38803  3.23588   8.67905  2.98122   9.01550  3.13470   9.22779  2.88235   9.56935  3.02081   9.87686  3.15143  10.15995  3.28961    0   9.35824  3.26779
 8.31929  2.52301   8.65048  2.43083   8.84604  2.70740   9.13519  2.48246   9.45600  2.65770   9.76614  2.79533  10.04560  2.91756    0   9.22779  2.88235
 8.67905  2.98122   8.84604  2.70740   9.22779  2.88235   9.45600  2.65770   9.76614  2.79533  10.04560  2.91756  10.30657  3.04700    0   9.56935  3.02081
 8.25881  1.20975   8.19972  0.85110   8.49400  0.75788   8.43876  0.46490   8.72969  0.38786   9.02163  0.31083   9.31510  0.23419    0   8.78259  0.68247
 8.55138  1.06489   8.49400  0.75788   8.78259  0.68247   8.72969  0.38786   9.02163  0.31083   9.31510  0.23419   9.60958  0.15673    0   9.07261  0.60763
 8.84327  0.97410   8.78259  0.68247   9.07261  0.60763   9.02163  0.31083   9.31510  0.23419   9.60958  0.15673   9.90467  0.08043    0   9.36448  0.53323
 9.21570  1.19927   9.13282  0.90123   9.42465  0.82938   9.36448  0.53323   9.65772  0.45881   9.95125  0.38414  10.24604  0.31308    0   9.71577  0.75788
 9.51147  1.11500   9.42465  0.82938   9.71577  0.75788   9.65772  0.45881   9.95125  0.38414  10.24604  0.31308  10.54271  0.24792    0  10.00889  0.68637
 6.61805  4.67455   6.60254  4.37464   6.89925  4.42999   6.91446  4.12488   7.22469  4.18127   7.52978  4.23865   7.83118  4.29342    0   7.18805  4.48174
 7.15243  4.76916   7.18805  4.48174   7.47672  4.53350   7.52978  4.23865   7.83118  4.29342   8.12162  4.33554   8.41444  4.38457    0   7.75397  4.58260
%pattern4
-4.33968  3.71551  -4.15529  3.39210  -3.95779  3.06393  -3.73072  2.76997  -3.42170  2.99093  -3.20933  2.69688  -2.99989  2.40449    0  -3.63489  3.29037
-4.03417  3.90933  -3.83673  3.60121  -3.63489  3.29037  -3.42170  2.99093  -3.11177  3.19873  -2.90239  2.90348  -3.32041  3.49818    0  -3.32041  3.49818
-3.42313  4.29698  -3.21887  3.99695  -3.01295  3.69795  -2.80561  3.40061  -2.50261  3.60200  -2.29717  3.30727  -2.70837  3.89747    0  -2.70837  3.89747
-5.25624  3.13403  -5.25624  3.13403  -5.58804  2.96321  -5.91984  2.79238  -5.70966  2.47386  -5.99786  2.28848  -6.27792  2.09921    0  -5.41556  2.65620
-6.25164  2.62155  -5.99786  2.28848  -5.72466  1.94871  -5.43520  1.60155  -5.20385  1.85697  -4.90016  1.59206  -4.51493  1.39601    0  -5.47161  2.15629
-3.42916  1.35790  -3.27088  1.09874  -3.11494  0.82363  -2.93218  0.58628  -2.66216  0.74921  -2.51632  0.51203  -2.27785  0.09016    0  -2.82426  0.99656
-2.79231  2.12230  -2.60197  1.84211  -2.42948  1.56246  -2.26984  1.28539  -1.98528  1.42791  -1.83768  1.13529  -1.70643  0.84937    0  -2.14279  1.72363
-2.19795  2.51048  -2.01338  2.20211  -1.84440  1.88805  -1.68510  1.57145  -1.36158  1.71414  -1.19126  1.37293  -1.01748  1.02719    0  -1.52785  2.05124
-2.09391  3.01136  -1.89502  2.70870  -1.70235  2.38401  -1.52785  2.05124  -1.18822  2.21328  -1.01241  1.85878  -0.82233  1.50094    0  -1.37135  2.56794
-0.44522  2.54890  -0.82360  2.37762  -1.18822  2.21328  -1.52785  2.05124  -1.36158  1.71414  -1.68510  1.57145  -1.98528  1.42791    0  -1.01241  1.85878
-1.48947 -2.19478  -1.30635 -2.40917  -1.13793 -2.63947  -0.97348 -2.88047  -0.68361 -2.75719  -0.49778 -3.00227  -0.86452 -2.50836    0  -0.86452 -2.50836
-2.44415 -3.13403  -2.44415 -3.13403  -2.37188 -3.52168  -2.29961 -3.90933  -1.99610 -3.76027  -1.90528 -4.11598  -2.08671 -3.40999    0  -2.08671 -3.40999
 2.37662 -1.45107   2.21945 -1.68822   2.03179 -1.94277   1.81977 -2.21217   2.13819 -2.33680   1.95704 -2.59992   2.32720 -2.07602    0   2.32720 -2.07602
 4.22699  0.16869   4.31123 -0.16176   4.35067 -0.47015   4.35973 -0.76054   4.63948 -0.76907   4.61556 -1.06307   4.58113 -1.33661    0   4.65221 -0.45942
-4.03417  3.90933  -3.83673  3.60121  -3.63489  3.29037  -3.42170  2.99093  -3.11177  3.19873  -2.90239  2.90348  -2.69645  2.60981    0  -3.32041  3.49818
-2.20105  3.80421  -2.50261  3.60200  -2.80561  3.40061  -3.11177  3.19873  -2.90239  2.90348  -3.20933  2.69688  -3.51619  2.47764    0  -2.59844  3.10518
-1.79369  3.21726  -2.09391  3.01136  -2.39450  2.80983  -2.69645  2.60981  -2.49760  2.31631  -2.79231  2.12230  -3.07612  1.92758    0  -2.19795  2.51048
-3.30248  2.18431  -3.07612  1.92758  -2.88406  1.66952  -2.70939  1.40738  -2.42948  1.56246  -2.26984  1.28539  -1.83768  1.13529    0  -2.60197  1.84211
-1.70235  2.38401  -1.52785  2.05124  -1.36158  1.71414  -1.19126  1.37293  -0.82233  1.50094  -0.60136  1.13614  -0.34589  0.74723    0  -1.01241  1.85878
-1.01241  1.85878  -1.36158  1.71414  -1.68510  1.57145  -1.98528  1.42791  -1.83768  1.13529  -2.12194  1.01358  -2.39403  0.88787    0  -1.53036  1.25409
%pattern5 1st
-4.93830 -2.88861  -5.19879 -3.17301  -5.39422 -3.51183  -5.09527 -3.71386  -4.88660 -3.40519  -4.57519 -3.61043  -4.29895 -3.32897    2  -5.19879 -3.17301
-4.93830 -2.88861  -5.19879 -3.17301  -4.88660 -3.40519  -4.63984 -3.11842  -4.93830 -2.88861  -4.71106 -2.61262  -4.93608 -2.42362    2  -5.19879 -3.17301
-4.49543 -2.32927  -4.71106 -2.61262  -4.93830 -2.88861  -4.63984 -3.11842  -4.38343 -2.81254  -4.01422 -3.02761  -3.73472 -2.67637    2  -4.71106 -2.61262
-4.29895 -3.32897  -4.57519 -3.61043  -4.79632 -3.91590  -4.49737 -4.11794  -4.26134 -3.80551  -3.93039 -4.01662  -3.59180 -4.25434    2  -4.57519 -3.61043
-3.96490 -3.51226  -4.26134 -3.80551  -4.49737 -4.11794  -4.19842 -4.31997  -3.93039 -4.01662  -3.59180 -4.25434  -3.23752 -4.47930    2  -4.26134 -3.80551
-3.61193 -3.72005  -3.93039 -4.01662  -4.19842 -4.31997  -3.89947 -4.52201  -3.59180 -4.25434  -3.23752 -4.47930  -2.87451 -4.23456    2  -3.93039 -4.01662
-3.23379 -3.43545  -3.61193 -3.72005  -3.93039 -4.01662  -3.59180 -4.25434  -3.24222 -3.96338  -2.87451 -4.23456  -2.51150 -3.98982    2  -3.61193 -3.72005
-3.73472 -2.67637  -4.13809 -2.48286  -4.49543 -2.32927  -4.71106 -2.61262  -4.38343 -2.81254  -4.63984 -3.11842  -4.88660 -3.40519    2  -4.13809 -2.48286
-5.51433  0.47911  -5.91785  0.57484  -6.32720  0.56833  -6.28997  0.15988  -5.90209  0.15804  -5.87200 -0.22545  -5.53094 -0.18163    2  -5.91785  0.57484
-5.55295  0.14613  -5.90209  0.15804  -6.28997  0.15988  -6.25274 -0.24858  -5.87200 -0.22545  -5.84185 -0.59175  -5.48365 -0.51654    2  -5.90209  0.15804
-5.53094 -0.18163  -5.87200 -0.22545  -6.25274 -0.24858  -6.21551 -0.65703  -5.84185 -0.59175  -5.78208 -0.99583  -5.45252 -0.94532    2  -5.87200 -0.22545
-5.48365 -0.51654  -5.84185 -0.59175  -6.21551 -0.65703  -6.17827 -1.06548  -5.78208 -0.99583  -5.67668 -1.45686  -5.40153 -1.28918    2  -5.84185 -0.59175
 1.22964 -2.09221   0.84618 -2.07705   0.47156 -2.05475   0.43925 -2.43479   0.81146 -2.45974   0.79031 -2.83368   1.16200 -2.85057    2   0.84618 -2.07705
 1.60941 -2.10370   1.22964 -2.09221   0.84618 -2.07705   0.81146 -2.45974   1.18660 -2.47616   1.16200 -2.85057   1.53370 -2.86747    2   1.22964 -2.09221
 2.40133 -2.12970   1.99782 -2.11489   1.60941 -2.10370   1.56020 -2.49060   1.93849 -2.50772   1.90539 -2.88436   2.27708 -2.90126    2   1.99782 -2.11489
 2.79090 -2.12468   2.40133 -2.12970   1.99782 -2.11489   1.93849 -2.50772   2.31140 -2.52413   2.27708 -2.90126   2.64877 -2.91815    2   2.40133 -2.12970
 2.11896  3.61930   1.74360  3.49132   1.32238  3.38570   1.52431  3.04770   1.92054  3.16300   2.07437  2.82326   2.42055  2.96315    2   1.74360  3.49132
 1.54677  1.56476   1.32986  1.80165   1.12025  2.10690   0.72181  1.95187   0.96872  1.65415   0.64571  1.45014   0.39905  1.13998    2   1.32986  1.80165
 2.21788 -0.85497   1.77174 -0.88462   1.32172 -0.89259   1.30182 -1.30192   1.73151 -1.30409   1.64880 -1.71024   1.60941 -2.10370    2   1.77174 -0.88462
 1.25651 -1.70292   0.86735 -1.69411   0.48979 -1.68451   0.47156 -2.05475   0.84618 -2.07705   0.81146 -2.45974   0.79031 -2.83368    2   0.86735 -1.69411
%pattern 5 2nd
 0.64467 -0.15951   0.64467 -0.15951   1.11686 -0.36243   1.45340  0.06287   1.17145  0.52142   1.55695  0.89867   0.64467 -0.15951    2   0.64467 -0.15951
 0.94342  0.88908   0.94342  0.88908   1.32396  1.30917   1.09098  1.71967   0.55714  1.75835   0.44132  2.16716   0.44132  2.16716    2   0.94342  0.88908
-0.34152  1.80099  -0.34152  1.80099  -0.39201  2.24112  -0.80868  2.27811  -1.06083  1.84579  -1.54401  1.90273  -1.54401  1.90273    2  -0.34152  1.80099
 2.03834 -0.54041   2.03834 -0.54041   2.42444 -0.80158   2.79895 -0.48401   2.64333 -0.22205   2.92974  0.02964   2.03834 -0.54041    2   2.03834 -0.54041
-2.17434  1.62808  -2.17434  1.62808  -2.11564  1.93824  -2.50000  2.21748  -2.70333  1.96285  -3.03499  2.18938  -3.03499  2.18938    2  -2.17434  1.62808
-3.96265  0.28112  -3.96265  0.28112  -4.26413  0.17083  -4.36597 -0.30990  -3.88966 -0.43682  -4.03977 -0.89602  -4.03977 -0.89602    2  -3.96265  0.28112
-2.37762  1.63785  -2.37762  1.63785  -2.50986  1.24179  -2.09374  0.89137  -1.73052  1.28568  -1.30489  0.92760  -2.37762  1.63785    2  -2.37762  1.63785
-1.24706  1.70245  -1.24706  1.70245  -0.90278  1.33657  -0.38045  1.75253  -0.74468  2.09196  -0.19273  2.45072  -1.24706  1.70245    2  -1.24706  1.70245
 1.13483  1.10596   1.13483  1.10596   1.32396  1.30917   1.16864  1.58284   0.78661  1.56404   0.62799  1.88880   1.13483  1.10596    2   1.13483  1.10596
 1.13483  1.10596   1.13483  1.10596   1.32396  1.30917   1.16864  1.58284   0.78661  1.56404   0.62799  1.88880   0.62799  1.88880    2   1.13483  1.10596
-0.34725  1.93733  -0.34725  1.93733  -0.39201  2.24112  -0.70451  2.26886  -0.84707  1.92845  -1.20612  1.97236  -0.34725  1.93733    2  -0.34725  1.93733
 0.57194 -0.01230   0.57194 -0.01230   0.85616 -0.17831   1.09431  0.07293   0.88611  0.36285   1.05957  0.60653   0.57194 -0.01230    2   0.57194 -0.01230
 1.13483  1.10596   1.13483  1.10596   1.32396  1.30917   1.16864  1.58284   0.78661  1.56404   0.62799  1.88880   1.13483  1.10596    2   1.13483  1.10596
-0.34725  1.93733  -0.34725  1.93733  -0.39201  2.24112  -0.70451  2.26886  -0.84707  1.92845  -1.20612  1.97236  -1.20612  1.97236    2  -0.34725  1.93733
-1.66180  1.27776  -1.66180  1.27776  -1.95774  1.46704  -2.15586  1.19882  -1.94842  0.96225  -2.20510  0.78133  -2.20510  0.78133    2  -1.66180  1.27776
 0.57194 -0.01230   0.57194 -0.01230   0.85616 -0.17831   1.09431  0.07293   0.88611  0.36285   1.05957  0.60653   1.05957  0.60653    2   0.57194 -0.01230
-0.11703  0.24631  -0.11703  0.24631   0.35480  0.20587   0.32633  0.59133  -0.04119  0.97571   0.00000  1.26369  -0.11703  0.24631    2  -0.11703  0.24631
-0.37987  1.29061  -0.37987  1.29061  -0.29785  1.55059  -0.59571  1.83749  -0.98383  1.61692  -1.27026  1.91853  -1.27026  1.91853    2  -0.37987  1.29061
-1.37378  1.42057  -1.37378  1.42057  -1.64696  1.71266  -2.02365  1.50679  -1.96359  1.04086  -2.35655  0.88261  -1.37378  1.42057    2  -1.37378  1.42057
-1.96359  1.04086  -1.96359  1.04086  -2.35655  0.88261  -2.31275  0.46430  -1.87251  0.46576  -1.84372  0.02548  -1.84372  0.02548    2  -1.96359  1.04086
%pattern6
-5.72405 -3.38371  -5.67280 -3.66951  -5.36585 -3.63828  -5.31181 -3.93337  -4.99696 -3.91395  -4.94774 -4.21956  -4.90974 -4.52210    0  -5.05451 -3.61021
-5.67280 -3.66951  -5.62155 -3.95532  -5.31181 -3.93337  -5.26057 -4.22678  -4.94774 -4.21956  -4.90974 -4.52210  -4.60509 -4.51968    0  -4.99696 -3.91395
-5.36585 -3.63828  -5.31181 -3.93337  -4.99696 -3.91395  -4.94774 -4.21956  -4.63657 -4.21139  -4.60509 -4.51968  -4.30044 -4.51726    0  -4.67958 -3.89768
-5.05451 -3.61021  -4.99696 -3.91395  -4.67958 -3.89768  -4.63657 -4.21139  -4.32387 -4.20499  -4.30044 -4.51726  -3.99578 -4.51484    0  -4.36099 -3.88991
-4.73662 -3.58921  -4.67958 -3.89768  -4.36099 -3.88991  -4.32387 -4.20499  -4.01351 -4.20315  -3.99578 -4.51484  -3.69113 -4.51241    0  -4.04723 -3.88488
-4.41909 -3.56964  -4.36099 -3.88991  -4.04723 -3.88488  -4.01351 -4.20315  -3.70485 -4.20204  -3.69113 -4.51241  -3.38647 -4.50999    0  -3.73160 -3.88340
-4.09591 -3.55788  -4.04723 -3.88488  -3.73160 -3.88340  -3.70485 -4.20204  -3.39757 -4.20085  -3.38647 -4.50999  -3.08182 -4.50757    0  -3.41981 -3.88500
-3.77407 -3.55795  -3.73160 -3.88340  -3.41981 -3.88500  -3.39757 -4.20085  -3.09113 -4.19943  -3.08182 -4.50757  -2.77716 -4.50515    0  -3.10870 -3.88549
-3.82537 -3.23446  -3.77407 -3.55795  -3.45064 -3.56252  -3.41981 -3.88500  -3.10870 -3.88549  -3.09113 -4.19943  -2.78534 -4.19770    0  -3.13249 -3.56602
 0.83970 -1.41196   0.84219 -1.72457   1.14821 -1.69768   1.14834 -2.01665   1.45966 -1.99853   1.45853 -2.31904   1.77057 -2.30544    0   1.46197 -1.66919
 0.54660 -2.04827   0.54440 -2.34880   0.84416 -2.33887   0.84767 -2.64507   1.15381 -2.63884   1.16170 -2.94567   1.46824 -2.94064    0   1.14966 -2.32967
 0.54440 -2.34880   0.54631 -2.65102   0.84767 -2.64507   0.85571 -2.95023   1.16170 -2.94567   1.17040 -3.25166   1.47663 -3.24763    0   1.15381 -2.63884
 0.55186 -2.95536   0.55985 -3.25898   0.86459 -3.25534   0.87153 -3.56074   1.17700 -3.55762   1.17976 -3.86345   1.48499 -3.86065    0   1.17040 -3.25166
 0.55985 -3.25898   0.56651 -3.56369   0.87153 -3.56074   0.87475 -3.86624   1.17976 -3.86345   1.18122 -4.16883   1.48605 -4.16632    0   1.17700 -3.55762
 0.56651 -3.56369   0.56990 -3.86901   0.87475 -3.86624   0.87647 -4.17133   1.18122 -4.16883   1.18335 -4.47368   1.48800 -4.47126    0   1.17976 -3.86345
-0.34900 -3.55994  -0.34558 -3.87138  -0.03911 -3.87110  -0.03783 -4.17790   0.26727 -4.17643   0.26938 -4.48095   0.57404 -4.47853    0   0.26532 -3.87089
-0.04211 -3.56299  -0.03911 -3.87110   0.26532 -3.87089   0.26727 -4.17643   0.57189 -4.17394   0.57404 -4.47853   0.87869 -4.47610    0   0.56990 -3.86901
 0.56651 -3.56369   0.56990 -3.86901   0.87475 -3.86624   0.87647 -4.17133   1.18122 -4.16883   1.18335 -4.47368   1.48800 -4.47126    0   1.17976 -3.86345
-2.92931 -0.36329  -2.54524 -0.39001  -2.17514 -0.41996  -2.19053 -0.77516  -1.83602 -0.79604  -1.85932 -1.14772  -1.51826 -1.16095    0  -1.81800 -0.44711
-1.12775 -0.48446  -1.46700 -0.47016  -1.49010 -0.81290  -1.83602 -0.79604  -1.85932 -1.14772  -2.20819 -1.13144  -1.51826 -1.16095    0  -1.51826 -1.16095
%pattern7
-0.72657  4.77113  -0.74464  4.45618  -0.76092  4.13629  -0.77749  3.81735  -0.45626  3.79752  -0.44437  4.12193  -0.43275  4.44313    1  -0.44437  4.12193
-0.41721  4.75690  -0.43275  4.44313  -0.44437  4.12193  -0.45626  3.79752  -0.13255  3.78263  -0.12711  4.10731   0.19070  3.76750    1  -0.12711  4.10731
-0.10786  4.74266  -0.12101  4.42920  -0.12711  4.10731  -0.13255  3.78263   0.19070  3.76750   0.19114  4.09250   0.51256  3.75063    1   0.19114  4.09250
 0.20149  4.72843   0.19157  4.41520   0.19114  4.09250   0.19070  3.76750   0.51256  3.75063   0.51090  4.07639   0.83185  4.05821    1   0.51090  4.07639
 0.51084  4.71419   0.50497  4.39877   0.51090  4.07639   0.51256  3.75063   0.83482  3.73075   0.83185  4.05821   1.15020  4.03799    1   0.83185  4.05821
 1.12954  4.68572   1.13757  4.36476   1.15020  4.03799   1.15844  3.70700   1.48551  3.68027   1.47540  4.01670   1.80492  3.99994    1   1.47540  4.01670
 1.43890  4.67149   1.45803  4.34769   1.47540  4.01670   1.48551  3.68027   1.82227  3.65754   1.80492  3.99994   2.12882  3.98525    1   1.80492  3.99994
 1.74825  4.65725   1.77348  4.33386   1.80492  3.99994   1.82227  3.65754   2.16217  3.64114   2.12882  3.98525   2.49448  3.62528    1   2.12882  3.98525
 2.70054  4.29162   2.75222  3.95652   2.81651  3.60643   2.87842  3.24880   3.21479  3.23211   3.13758  3.59211   3.46530  3.57804    1   3.13758  3.59211
 3.01022  4.27731   3.06281  3.94215   3.13758  3.59211   3.21479  3.23211   3.56805  3.21997   3.46530  3.57804   3.46530  3.57804    1   3.46530  3.57804
-0.81316  3.48894  -0.82163  3.15073  -0.82418  2.81965  -0.81793  2.50189  -0.49296  2.49021  -0.48015  2.81405  -0.46894  3.14179    1  -0.48015  2.81405
-0.46195  3.47132  -0.46894  3.14179  -0.48015  2.81405  -0.49296  2.49021  -0.16299  2.46710  -0.14494  2.79854  -0.13209  3.12858    1  -0.14494  2.79854
 0.19801  3.44170   0.20480  3.11367   0.19866  2.78301   0.18226  2.44038   0.53624  2.40755   0.54078  2.75539   0.53565  3.09111    1   0.54078  2.75539
 0.52108  3.42312   0.53565  3.09111   0.54078  2.75539   0.53624  2.40755   0.88427  2.35502   0.86850  2.71589   0.85811  3.06216    1   0.86850  2.71589
 0.84259  3.39994   0.85811  3.06216   0.86850  2.71589   0.88427  2.35502   1.22829  2.28528   1.20089  2.66399   1.18544  3.02307    1   1.20089  2.66399
-1.16766  1.94774  -1.18380  1.64817  -1.21215  1.34816  -1.26560  1.05166  -0.94411  0.98352  -0.88411  1.28523  -0.85771  1.58535    1  -0.88411  1.28523
-0.53784  1.85074  -0.53088  1.53502  -0.53332  1.22908  -0.59361  0.91730  -0.20528  0.84227  -0.15287  1.17369  -0.20884  1.48431    1  -0.15287  1.17369
-1.74483  0.59669  -1.79399  0.25462  -1.80713 -0.09141  -1.81800 -0.44711  -1.46700 -0.47016  -1.46141 -0.13195  -1.45045  0.18933    1  -1.46141 -0.13195
-2.54136  0.78076  -2.53000  0.35702  -2.53321 -0.02508  -2.54524 -0.39001  -2.17514 -0.41996  -2.16497 -0.05547  -2.15848  0.33830    1  -2.16497 -0.05547
 5.00085  1.68782   4.68361  1.59418   4.35092  1.49540   3.95452  1.41183   4.16831  1.10739   4.51868  1.20174   4.83103  1.30595    1   4.51868  1.20174
%pattern8
-5.26668 -1.36041  -5.01182 -1.71421  -4.71432 -2.05451  -5.09855 -2.34888  -4.77661 -2.69218  -4.39165 -2.39914  -4.04979 -2.75539    1  -4.39165 -2.39914
-4.71432 -2.05451  -4.39165 -2.39914  -4.04979 -2.75539  -4.45466 -3.03548  -4.13272 -3.37878  -3.69144 -3.12748  -3.31707 -3.52373    1  -3.69144 -3.12748
-4.77661 -2.69218  -4.39165 -2.39914  -4.04411 -2.10446  -3.69472 -2.45259  -3.39254 -2.13615  -3.74419 -1.81543  -3.50101 -1.53294    1  -3.74419 -1.81543
-4.77661 -2.69218  -4.45466 -3.03548  -4.04979 -2.75539  -3.69144 -3.12748  -3.30700 -2.82861  -3.69472 -2.45259  -3.39254 -2.13615    1  -3.69472 -2.45259
-4.45466 -3.03548  -4.13272 -3.37878  -3.69144 -3.12748  -3.31707 -3.52373  -2.87944 -3.24831  -3.30700 -2.82861  -2.98167 -2.48058    1  -3.30700 -2.82861
-2.32184 -3.75373  -1.60653 -3.88439  -0.99971 -3.95208  -1.03811 -4.52256  -0.50591 -4.55103  -0.42150 -3.99969   0.11391 -4.07962    1  -0.42150 -3.99969
-0.42150 -3.99969  -0.42150 -3.99969   0.11391 -4.07962   0.02628 -4.57950   0.55848 -4.60797   0.62500 -4.13785   1.12553 -4.17727    1   0.62500 -4.13785
-0.28138 -1.59772  -0.05584 -1.76026   0.28443 -1.70653   0.34244 -2.02991   0.66292 -1.95861   0.60633 -1.62122   0.93594 -1.51119    1   0.60633 -1.62122
 0.86056 -1.16778   0.93594 -1.51119   1.28653 -1.35990   1.36650 -1.75827   1.75936 -1.62215   1.67624 -1.18291   2.09472 -0.99718    1   1.67624 -1.18291
 0.40391 -2.64129   0.40391 -2.64129   0.74836 -2.61676   0.77019 -2.94876   1.14754 -2.95634   1.11044 -2.59190   1.49319 -2.55237    1   1.11044 -2.59190
 0.36071 -3.23522   0.36071 -3.23522   0.74695 -3.30222   0.68675 -3.69719   1.14972 -3.74240   1.15976 -3.33689   1.58603 -3.34549    1   1.15976 -3.33689
 1.58603 -3.34549   1.58603 -3.34549   2.01908 -3.33414   2.07052 -3.76928   2.53320 -3.75571   2.46031 -3.29975   2.90978 -3.23180    1   2.46031 -3.29975
 0.25237  3.01250   0.25237  3.01250   0.40305  2.57677  -0.00197  2.49109   0.11500  2.07851   0.53589  2.13023   0.65906  1.65147    1   0.53589  2.13023
-0.35738  2.39634  -0.27039  2.03801   0.11500  2.07851   0.20757  1.61818   0.65906  1.65147   0.53589  2.13023   0.98875  2.18781    1   0.53589  2.13023
 0.40305  2.57677   0.53589  2.13023   0.98875  2.18781   1.12724  1.70162   1.62617  1.76164   1.47192  2.26020   1.97204  2.36179    1   1.47192  2.26020
 4.32055 -2.81897   4.32055 -2.81897   4.81604 -2.66286   4.87114 -3.18371   5.36107 -3.03902   5.32301 -2.51980   5.83143 -2.39666    1   5.32301 -2.51980
 0.28443 -1.70653   0.34244 -2.02991   0.38514 -2.33655   0.08194 -2.37457   0.04806 -2.68328   0.40391 -2.64129   0.77019 -2.94876    1   0.40391 -2.64129
-4.57655  3.27237  -3.99469  3.44393  -3.71241  2.83926  -4.34494  2.56689  -3.86215  1.84666  -3.31195  2.27041  -2.82412  1.84109    1  -3.31195  2.27041
-3.18660  4.27070  -2.93348  3.78079  -2.42412  3.93196  -2.15228  3.48364  -1.65824  3.66570  -1.92817  4.07682  -1.44561  4.21601    1  -1.92817  4.07682
-2.56549  0.40168  -1.99327  0.66912  -1.75931  0.20190  -2.23279 -0.02609  -2.04027 -0.39334  -1.57637 -0.18792  -1.41398 -0.53383    1  -1.57637 -0.18792
